[[25.0, 25.0, 225.0,], [-25.0, -25.0, 180.0]]
[[-19.0, -25.0, 324.0], [19.0, -12.0, 276.0]]
[[-25.0, 13.0, 338.0], [20.0, -14.0, 262.0]]
[[20.0, -29.0, 193.0], [-20.0, -9.0, 249.0]]
[[28.0, 17.0, 98.0], [14.0, 16.0, 62.0]]
[[-15.0, -17.0, 154.0], [-12.0, -3.0, 181.0]]
[[12.0, 10.0, 70.0], [20.0, -20.0, 9.0]]
[[-21.0, -19.0, 336.0], [18.0, -12.0, 325.0]]
[[27.0, -7.0, 84.0], [16.0, 17.0, 354.0]]
[[-23.0, 10.0, 213.0], [29.0, 15.0, 59.0]]
[[21.0, 3.0, 250.0], [19.0, -28.0, 256.0]]
[[-17.0, 10.0, 101.0], [-18.0, -27.0, 217.0]]
[[-15.0, -19.0, 149.0], [-17.0, 10.0, 209.0]]
[[8.0, -26.0, 217.0], [0.0, 26.0, 47.0]]
[[28.0, 23.0, 203.0], [-29.0, -10.0, 245.0]]
[[26.0, 19.0, 307.0], [2.0, 24.0, 42.0]]
[[9.0, 28.0, 24.0], [-29.0, 7.0, 135.0]]
[[27.0, 29.0, 300.0], [-27.0, -24.0, 265.0]]
[[-10.0, 15.0, 54.0], [5.0, 28.0, 70.0]]
[[-27.0, 24.0, 341.0], [23.0, -12.0, 17.0]]
[[1.0, 9.0, 235.0], [-28.0, 0.0, 215.0]]
[[23.0, 18.0, 227.0], [21.0, 17.0, 353.0]]
[[-29.0, 27.0, 9.0], [23.0, -7.0, 31.0]]
[[-29.0, -22.0, 359.0], [28.0, -12.0, 291.0]]
[[16.0, 26.0, 260.0], [-28.0, -21.0, 256.0]]
