[[25.0, 0.0, 180.0], [-5.0, 0.0, 180.0]]
[[-5.0, 0.0, 1.0], [25.0, 0.0, 1.0]]
[[-10.0, 4.0, 336.0], [22.0, -1.0, 354.0]]
[[-14, 8.0, 199.0], [14.0, -19.0, 2.0]] 
[[-5.0, 5.0, 314.0], [25.0, -29.0, 320.0]]
[[-10.0, -15.0, 42.0], [25.0, 29.0, 42.0]]
[[-21.0, -24.0, 23.0], [-28.0, 16.0, 194.0]]
[[23.0, 5.0, 183.0], [24.0, -18.0, 5.0]]
[[9.0, 20.0, 308.0], [-15.0, -4.0, 147.0]]
[[-2.0, 1.0, 17.0], [4.0, -22.0, 310.0]]
[[21.0, -16.0, 180.0], [14.0, 11.0, 3.0]]
[[13.0, 4.0, 307.0], [13.0, 23.0, 40.0]]
[[17.0, 24.0, 229.0], [-13.0, -13.0, 226.0]]
[[25.0, 21.0, 178.0], [-27.0, -17.0, 256]]
[[-14.0, -1.0, 121.0], [-22.0, -26.0, 219.0]]
[[-14.0, 29.0, 272.0], [-13.0, -23.0, 281.0]]
[[12.0, 22.0, 341.0], [-22.0, -22.0, 209.0]]
[[9.0, 5.0, 103.0], [27.0, -21.0, 347.0]]
[[-17.0, -23.0, 138.0], [15.0, 6.0, 4.0]]
[[24.0, -24.0, 144.0], [-19.0, -18.0, 177]]
[[-6.0, 29.0, 331.0], [16.0, -20.0, 245.0]]
[[16.0, 24.0, 329.0], [23.0, -23.0, 262.0]]
[[-21.0, 15.0, 301.0], [27.0, 4.0, 358.0]]
[[-26.0, -23.0, 324.0], [23.0, -9.0, 24.0]]
[[28.0, 9.0, 122.0], [-13.0, 28.0, 156.0]]
